Frame Roll Pitch Yaw
1 0.855471 -9.22514 8.0522
2 0.855471 -9.22514 8.0522
3 0.855471 -9.22514 8.0522
4 0.855471 -9.22514 8.0522
5 0.855471 -9.22514 8.0522
6 0.855471 -9.22514 8.0522
7 0.855471 -9.22514 8.0522
8 0.855471 -9.22514 8.0522
9 0.855471 -9.22514 8.0522
10 0.855471 -9.22514 8.0522
11 0.855471 -9.22514 8.0522
12 0.855471 -9.22514 8.0522
13 0.855471 -9.22514 8.0522
14 0.855471 -9.22514 8.0522
15 0.855471 -9.22514 8.0522
16 0.855471 -9.22514 8.0522
17 0.855471 -9.22514 8.0522
18 0.855471 -9.22514 8.0522
19 0.855471 -9.22514 8.0522
20 0.855471 -9.22514 8.0522
21 0.855471 -9.22514 8.0522
22 0.855471 -9.22514 8.0522
23 0.855471 -9.22514 8.0522
24 0.855471 -9.22514 8.0522
25 0.855471 -9.22514 8.0522
26 0.855471 -9.22514 8.0522
27 0.855471 -9.22514 8.0522
28 0.855471 -9.22514 8.0522
29 0.855471 -9.22514 8.0522
30 0.855471 -9.22514 8.0522
31 0.855471 -9.22514 8.0522
32 0.855471 -9.22514 8.0522
33 0.855471 -9.22514 8.0522
34 0.855471 -9.22514 8.0522
35 0.855471 -9.22514 8.0522
36 0.855471 -9.22514 8.0522
37 0.855471 -9.22514 8.0522
38 0.855471 -9.22514 8.0522
39 0.855471 -9.22514 8.0522
40 0.855471 -9.22514 8.0522
41 0.855471 -9.22514 8.0522
42 0.855471 -9.22514 8.0522
43 0.855471 -9.22514 8.0522
44 0.855471 -9.22514 8.0522
45 0.855471 -9.22514 8.0522
46 0.855471 -9.22514 8.0522
47 0.855471 -9.22514 8.0522
48 0.855471 -9.22514 8.0522
49 0.855471 -9.22514 8.0522
50 0.855471 -9.22514 8.0522
51 0.855471 -9.22514 8.0522
52 0.855471 -9.22514 8.0522
53 0.855471 -9.22514 8.0522
54 0.855471 -9.22514 8.0522
55 0.855471 -9.22514 8.0522
56 0.855471 -9.22514 8.0522
57 0.855471 -9.22514 8.0522
58 0.855471 -9.22514 8.0522
59 0.855471 -9.22514 8.0522
60 0.855471 -9.22514 8.0522
61 0.855471 -9.22514 8.0522
62 0.855471 -9.22514 8.0522
63 0.855471 -9.22514 8.0522
64 0.855471 -9.22514 8.0522
65 0.855471 -9.22514 8.0522
66 0.855471 -9.22514 8.0522
67 0.855471 -9.22514 8.0522
68 0.855471 -9.22514 8.0522
69 0.855471 -9.22514 8.0522
70 0.855471 -9.22514 8.0522
71 0.855471 -9.22514 8.0522
72 0.855471 -9.22514 8.0522
73 -9.59409 -0.772241 25.457
74 -9.47559 -2.45958 27.4222
75 -11.0215 -4.43959 29.1526
76 -10.4392 -4.55806 30.982
77 -9.8847 -5.92527 30.4441
78 -9.20434 -5.54223 30.4127
79 -8.0803 -5.9519 30.3669
80 -7.23138 -6.37703 32.0
81 -5.53019 -6.46917 32.5371
82 -5.42662 -5.6278 38.0904
83 -5.7088 -5.37797 38.7035
84 -6.10617 -7.48889 36.1711
85 -4.07841 -6.62785 33.1502
86 -5.02072 -6.47413 32.4507
87 -5.33623 -2.5799 30.0444
88 -5.11642 -2.69217 31.8053
89 -3.96954 -3.34568 28.3035
90 -4.01979 -4.0836 31.1127
91 -3.73051 -5.10441 30.4572
92 -2.79739 -3.65486 29.0814
93 -5.23358 -2.07698 26.591
94 -4.96087 -1.61606 24.8706
95 -4.93034 -1.5893 25.2932
96 -4.77413 -2.09364 22.5399
97 -4.49305 -3.31907 18.4034
98 -3.10537 -3.9445 12.7163
99 -2.38861 -3.65654 11.0216
100 -1.6463 -2.80167 7.84474
101 -2.04404 -1.64023 0.6737
102 -0.407562 -2.6182 -3.16352
103 0.211684 -1.35321 -3.93061
104 1.27613 -1.65279 -5.29138
105 1.9679 -1.19459 -6.29175
106 2.85173 -1.92624 -8.68154
107 5.41223 -2.5361 -12.2224
108 5.77803 -3.82865 -16.9924
109 6.57946 -5.37714 -18.989
110 8.33376 -5.28304 -18.1712
111 9.31182 -5.66799 -19.3174
112 9.38109 -8.32889 -19.6024
113 9.1925 -8.51953 -19.9847
114 10.2545 -10.533 -19.0489
115 11.7664 -12.9106 -17.4524
116 11.6379 -19.5485 -16.8071
117 8.41856 -21.7572 -14.5045
118 3.41895 -18.1841 -9.21175
119 0.855471 -9.22514 8.0522
120 0.855471 -9.22514 8.0522
121 0.855471 -9.22514 8.0522
122 0.855471 -9.22514 8.0522
123 0.855471 -9.22514 8.0522
124 0.855471 -9.22514 8.0522
125 4.21089 -16.7494 -4.46559
126 4.14789 -13.3894 -1.8186
127 3.80341 -14.0107 -2.3408
128 1.8696 -11.6037 0.718343
129 1.3052 -9.99516 2.04762
130 -0.208544 -9.49165 6.09298
131 -2.24299 -8.79834 7.69875
132 -2.44715 -7.73662 9.32683
133 -2.34253 -7.09908 13.3738
134 -2.94341 -9.15539 13.7712
135 -2.37378 -9.06089 15.124
136 -2.78487 -7.05119 17.8683
137 -5.34236 -7.18542 18.924
138 -5.95391 -5.23135 22.8678
139 -6.42756 -4.63127 23.9327
140 -7.41914 -2.76463 25.8373
141 -7.62927 -2.30255 25.6708
142 -7.9386 -1.94052 25.2759
143 -8.0255 -2.08077 25.7297
144 -8.08275 -2.2985 25.7134
145 -8.27192 -2.37232 25.7683
146 -8.73841 -2.11077 26.4558
147 -8.5487 -2.09409 26.4329
148 -8.13299 -1.84371 27.6747
149 -8.06917 -1.73484 27.2809
150 -8.36747 -2.02511 26.6931
151 -8.00378 -2.36428 25.5424
152 -7.56746 -2.86361 23.9045
153 -7.29671 -3.31919 24.063
154 -6.83335 -3.59812 23.7201
155 -6.88939 -3.76031 22.7795
156 -7.4168 -4.04295 22.5841
157 -6.94627 -4.08915 22.1253
158 -6.43753 -4.13316 22.1576
159 -7.48312 -4.0269 22.6022
160 -7.00674 -4.08919 22.7175
161 -6.16779 -4.05412 21.7577
162 -5.27563 -4.38084 15.4605
163 -4.78739 -4.73662 15.3024
164 -5.30176 -4.60178 14.3555
165 -4.29975 -4.52674 13.4394
166 -3.28393 -5.14675 13.5448
167 -3.19129 -6.88722 13.3664
168 -3.09008 -5.88154 12.8926
169 -1.94512 -5.56396 12.3318
170 -2.54561 -5.26666 10.9792
171 -2.72657 -4.73843 10.2237
172 -5.29837 -4.90147 8.56612
173 -6.06622 -4.83376 8.70035
174 -5.99044 -3.9874 9.10433
175 -5.18018 -3.80884 9.19273
176 -4.1243 -3.69523 8.78969
177 -3.82902 -3.18515 8.5648
178 -2.90961 -2.18555 8.95121
179 -6.99569 -2.76002 7.09532
180 -8.26606 -5.02047 5.72799
181 -8.7128 -4.88848 6.85852
182 -8.41169 -5.62769 7.50562
183 -7.7857 -5.98333 8.45772
184 -8.73382 -5.94091 8.4244
185 -9.8003 -6.5891 10.6077
186 -9.73271 -7.47878 13.6618
187 -10.0581 -5.2538 13.9
188 -10.8142 -6.65426 13.0884
189 -10.228 -6.62223 13.1495
190 -8.5862 -7.82424 13.4759
191 -8.18491 -7.90282 12.3036
192 -7.44037 -8.35503 12.8792
193 -6.32259 -8.14448 13.779
194 -6.07502 -7.65834 13.5369
195 -7.25452 -6.15235 14.321
196 -6.29645 -5.97845 16.6723
197 -6.34073 -6.20778 17.8762
198 -5.38718 -6.07847 20.5169
199 -6.46376 -6.35659 20.6588
200 -6.57948 -7.7609 22.0963
201 -5.71313 -8.07028 21.8094
202 -5.96011 -7.76104 22.5644
203 -6.23515 -7.28805 23.0274
204 -6.21437 -6.87637 23.8146
205 -6.58804 -6.80797 24.4883
206 -6.89514 -7.19022 23.3756
207 -7.97796 -7.10298 24.2866
208 -8.086 -7.42683 24.9932
209 -8.45669 -7.29619 27.2453
210 -8.269 -7.61704 28.0816
211 -8.1162 -7.78882 27.9719
212 -8.46719 -7.6567 28.8238
213 -8.88548 -7.62864 25.8802
214 -9.24699 -7.00689 27.667
215 -9.11954 -7.8766 27.3259
216 -9.33212 -7.95779 27.5916
217 -9.07599 -8.13206 29.4874
218 -9.41777 -7.69359 30.5601
219 -8.95698 -7.67738 31.0541
220 -9.32708 -7.91752 31.1906
221 -9.1474 -7.8423 30.6496
222 -8.26964 -7.31547 30.8146
223 -8.38975 -7.13093 30.3013
224 -7.41682 -6.12897 30.5093
225 -7.71271 -6.87922 30.7064
226 -8.25482 -7.15346 30.5144
227 -8.69502 -7.07129 29.9913
228 -8.53994 -6.62772 30.6819
229 -8.99597 -6.91584 30.8438
230 -9.38231 -6.70498 30.6674
231 -9.36571 -7.25597 30.7245
232 -9.57241 -7.33808 30.6367
233 -9.20403 -6.89199 30.6138
234 -8.41689 -6.4219 30.6565
235 -9.37609 -7.03749 30.2843
236 -9.23795 -6.97238 29.9837
237 -9.19905 -6.93141 30.8719
238 -9.45061 -6.61193 30.8945
239 -8.72668 -7.12395 30.3039
240 -8.3742 -6.28247 30.0933
241 -8.17771 -7.03628 30.9131
242 -8.5063 -6.51651 30.8781
243 -8.78414 -7.79968 30.5244
244 -8.498 -6.82908 29.0698
245 -8.56205 -7.9092 29.3842
246 -8.46298 -8.47952 29.052
247 -8.14981 -8.48154 27.0471
248 -7.40281 -8.54167 26.6597
249 -6.84009 -8.66962 25.5987
250 -7.17442 -8.62178 25.0835
251 -5.55827 -8.55602 25.8463
252 -5.84184 -8.68175 24.9593
253 -6.10228 -8.49752 27.2376
254 -5.4433 -8.30191 25.7296
255 -6.27595 -8.25977 27.4544
256 -5.0441 -7.36735 28.3538
257 -5.36082 -7.53456 28.6015
258 -6.00642 -7.13905 28.7031
259 -5.91769 -7.29532 28.9604
260 -4.99962 -6.61029 29.001
261 -5.54788 -6.89535 28.9602
262 -5.5175 -7.29104 28.927
263 -6.05568 -6.89988 28.6729
264 -4.87796 -7.76762 28.5414
265 -4.32002 -7.72545 28.2163
266 -4.24077 -7.71352 28.5156
267 -4.06731 -7.83433 28.8232
268 -5.11188 -5.72263 28.9692
269 -6.65682 -5.2391 27.9172
270 -6.71741 -5.56669 28.2187
271 -6.99145 -4.44867 30.1221
272 -7.05319 -4.35301 30.1589
273 -7.41023 -3.90529 30.0499
274 -7.58688 -4.19608 29.3476
275 -7.46377 -4.75058 28.2756
276 -7.59134 -4.5933 28.7228
277 -7.40467 -3.64332 26.1755
278 -7.62714 -3.09522 24.9482
279 -7.04822 -2.81678 26.7248
280 -7.84732 -2.56666 29.1652
281 -7.49367 -2.53926 30.2863
282 -7.44297 -2.41329 30.0828
283 -7.23949 -2.34662 28.0882
284 -6.96325 -2.16065 30.8724
285 -7.08578 -1.43985 31.6973
286 -6.30797 -1.10337 32.7641
287 -5.00204 1.19677 37.4555
288 -6.26045 1.30484 39.1622
289 -6.26494 1.84091 41.2904
290 -4.98227 2.56361 41.1918
291 -4.18518 3.41615 42.7668
292 -4.46522 3.05769 43.568
293 -4.87068 3.04296 43.2013
294 -5.43513 3.24188 44.0892
295 -6.29261 2.98572 44.8337
296 -6.16236 3.14577 45.1516
297 -6.59682 3.42213 45.9134
298 -6.29257 3.05309 47.5187
299 -6.67835 4.27214 49.088
300 -6.5119 4.90284 50.3809
301 -6.49558 3.59355 48.1939
302 -5.9276 3.74971 48.7507
303 -1.93095 3.09802 42.0829
304 -0.425071 4.52993 42.4137
305 -1.5201 4.28584 44.0841
306 -1.09755 3.07582 45.0599
307 -1.2648 -0.335133 46.6544
308 -1.17441 -1.6383 45.4282
309 -0.626641 -4.05411 44.8565
310 -0.779878 -3.46358 45.8694
311 -0.379986 -5.28572 48.0097
312 -1.30545 -7.01688 49.8617
313 -1.19607 -3.63152 49.4938
314 -0.863106 -3.44582 47.007
315 -0.118835 -2.72017 46.6495
316 0.368952 -2.31259 46.3287
317 0.145329 -2.48617 45.6899
318 -0.379436 -3.22115 45.3215
319 -1.82682 -3.47528 45.5812
320 -0.27354 -2.65944 48.7823
321 1.20706 -3.0999 47.0541
322 1.05449 -2.38834 45.8481
323 1.04001 -2.52719 46.0544
324 1.41979 -1.57191 46.7728
325 1.59049 -1.13962 44.6643
326 1.42582 -1.14159 44.1924
327 1.46668 -1.49768 44.8967
328 1.38714 -1.652 44.3176
329 0.966889 -1.62728 45.021
330 1.18065 -1.9605 43.4807
331 1.76403 -1.49051 43.0485
332 1.83152 -0.790189 43.1091
333 1.96437 -0.699084 43.0427
334 2.13154 -0.427761 42.5721
335 3.09717 -0.908517 42.712
336 2.18377 -0.46593 44.1076
337 1.79305 -0.632763 44.8025
338 1.87645 -0.812223 45.3304
339 1.33457 -0.733236 46.1177
340 1.20644 -0.374082 46.3966
341 1.1422 0.1828 45.9995
342 1.30265 -0.372763 46.4008
343 1.54666 -0.690582 44.1176
344 1.15184 -1.24509 42.3448
345 1.68503 0.445717 41.9379
346 1.8344 -0.135823 41.2512
347 1.3254 -0.710071 40.5768
348 1.2962 -1.11423 40.6458
349 0.822503 -1.38044 39.6305
350 -0.561473 -1.04962 39.6743
351 -1.09709 -1.63614 39.6264
352 -1.30864 -2.03673 39.7119
353 -1.36932 -1.57262 39.2953
354 -0.925716 -2.05064 39.8033
355 -0.349985 -0.861436 40.5612
356 0.208306 -0.591658 40.2981
357 0.0746525 -0.461381 40.8418
358 0.612948 -0.424125 42.3667
359 0.133702 -0.738034 43.38
360 0.402441 -0.0474452 43.5066
361 0.0830973 -0.0815967 43.008
362 0.623559 -1.42785 42.6168
363 0.92581 -1.03469 43.135
364 0.478302 -0.177138 43.7324
365 0.966749 -0.238597 42.8179
366 0.612543 -0.66994 43.67
367 0.715137 -0.828396 43.4639
368 0.778432 -1.15327 43.7553
369 -1.12183 -0.999314 45.4141
370 -2.80541 -1.62618 48.7095
371 -0.815812 -3.44933 54.0948
372 0.409234 -0.887516 52.1032
373 0.855471 -9.22514 8.0522
374 0.855471 -9.22514 8.0522
375 0.855471 -9.22514 8.0522
376 0.855471 -9.22514 8.0522
377 0.855471 -9.22514 8.0522
378 0.855471 -9.22514 8.0522
379 0.855471 -9.22514 8.0522
380 0.855471 -9.22514 8.0522
381 0.855471 -9.22514 8.0522
382 0.855471 -9.22514 8.0522
383 0.855471 -9.22514 8.0522
384 0.855471 -9.22514 8.0522
385 0.855471 -9.22514 8.0522
386 0.855471 -9.22514 8.0522
387 0.855471 -9.22514 8.0522
388 0.855471 -9.22514 8.0522
389 -0.0863239 -11.4371 55.866
390 -0.528728 -12.0666 54.712
391 0.634616 -14.4317 52.8522
392 -0.516684 -14.503 53.0753
393 -1.34827 -14.609 50.722
394 0.942524 -14.9903 48.4105
395 3.14643 -15.9169 47.309
396 -0.343506 -15.5272 46.9103
397 -2.27798 -15.0747 47.4943
398 -0.910847 -15.4628 47.8946
399 -0.215451 -16.1448 48.4492
400 -7.98992 4.21203 44.0954
401 -7.87429 1.9019 46.7388
402 -6.79469 1.52948 46.2789
403 -7.29274 2.10787 46.3782
404 -7.63344 0.781889 45.9337
405 -8.13502 1.897 46.933
406 -8.45242 2.82431 46.5002
407 -8.02912 3.40731 46.5158
408 -8.23576 2.08561 46.6171
409 -8.17272 1.33707 47.3106
410 -7.81297 0.629781 47.2756
411 -7.87724 1.46374 46.273
412 -6.54093 2.63052 45.7316
413 -5.8764 2.73328 44.9136
414 -4.1813 3.77163 44.9847
415 -4.31003 3.46136 44.3924
416 -4.55427 5.03119 44.6313
417 -4.48497 5.75158 44.8014
418 -4.33387 4.81015 44.6333
419 -4.11038 5.26311 44.2419
420 -4.0714 4.70532 44.3062
421 -5.16862 5.22221 45.2981
422 -5.8446 5.29001 45.9008
423 -6.38126 4.1401 50.2571
424 -7.5238 2.10132 51.8009
425 -6.85622 2.47596 52.3634
426 -5.92068 4.1343 51.9004
427 -3.74161 3.46107 54.3258
428 -3.04706 3.81562 55.5943
429 -3.39678 5.5005 56.4311
430 -2.12488 6.65447 56.4551
431 -3.28217 6.62346 56.9131
432 -2.79479 7.37796 59.4804
433 -2.21147 6.21298 57.8462
434 -3.37651 6.05851 57.986
435 -3.75843 5.13416 60.0662
436 -3.24521 5.57024 62.2711
437 -2.42129 5.56621 62.4979
438 -3.01029 5.95451 62.9906
439 -2.69096 6.2984 64.9012
440 -1.97058 4.94829 65.637
441 -0.743935 3.79223 65.6592
442 -0.410578 3.4363 58.4633
443 -3.028 0.324033 55.7637
444 -2.69581 -0.873793 56.9421
445 0.855471 -9.22514 8.0522
446 0.855471 -9.22514 8.0522
447 0.855471 -9.22514 8.0522
448 0.855471 -9.22514 8.0522
449 -1.47969 0.288707 -20.7216
450 0.855471 -9.22514 8.0522
451 0.855471 -9.22514 8.0522
452 0.855471 -9.22514 8.0522
453 0.855471 -9.22514 8.0522
454 0.855471 -9.22514 8.0522
455 0.855471 -9.22514 8.0522
456 0.855471 -9.22514 8.0522
457 0.855471 -9.22514 8.0522
458 0.855471 -9.22514 8.0522
459 0.855471 -9.22514 8.0522
460 0.855471 -9.22514 8.0522
461 0.855471 -9.22514 8.0522
462 0.855471 -9.22514 8.0522
463 0.855471 -9.22514 8.0522
464 0.855471 -9.22514 8.0522
465 0.855471 -9.22514 8.0522
466 -5.39548 6.21093 41.6728
467 -7.35822 3.26362 42.2349
468 -6.56269 0.919287 41.3051
469 -4.88803 0.441847 41.1602
470 -4.27351 1.66926 39.9847
471 -5.30883 0.978666 40.1152
472 -5.93333 1.23332 40.4675
473 -4.92252 1.37554 38.9326
474 -5.50648 1.11331 38.9313
475 -5.24105 1.13367 36.9811
476 -4.81233 0.725171 35.3843
477 -4.769 0.302229 35.5251
478 -4.72065 0.0811045 33.344
479 -4.21977 -0.642012 32.8971
480 -4.01675 -0.93588 34.1445
481 -4.00102 -0.26275 33.204
482 -4.32755 -0.362022 32.5094
483 -5.86771 0.262475 33.3092
484 -6.91403 1.38336 32.903
485 -6.74145 1.40125 32.6139
486 -7.33331 0.628731 33.0948
487 -8.05848 0.276921 34.2636
488 -8.29441 1.56842 35.9972
489 -8.52621 1.47836 35.8382
490 -9.3876 0.287718 35.5694
491 -9.91254 1.33914 37.4189
492 -10.0403 1.33304 36.4457
493 -10.5364 1.57189 37.1607
494 -10.0612 0.99234 37.6507
495 -10.2053 0.510914 37.9582
496 -9.94843 1.28712 37.402
497 -9.70892 3.48986 37.548
498 -8.89401 1.57986 37.6243
499 -7.48789 0.747953 37.2179
500 -7.35375 0.44189 34.2577
501 -7.70661 -0.0841234 33.7884
502 -7.29774 0.688209 32.7118
503 -8.01888 0.781814 31.2113
504 -7.58425 0.561351 30.4284
505 -9.49184 -0.457598 29.4534
506 -9.23703 -0.964676 28.8668
507 -8.64762 -1.09663 27.919
508 -8.23119 -1.96226 26.5045
509 -7.32342 -1.8602 26.1474
510 -7.49672 -2.23891 25.712
511 -7.54768 -1.46343 25.8522
512 -7.21903 -1.83297 25.8281
513 -7.02417 -2.09596 26.0743
514 -5.81336 -2.8921 26.3499
515 -4.56204 -3.11573 25.975
516 -4.50887 -3.47081 25.3916
517 -4.24446 -2.77398 25.0547
518 -3.61636 -2.1704 24.9983
519 -3.64065 -2.06962 24.2815
520 -3.66892 -2.88438 24.6853
521 -3.78085 -3.79301 24.4276
522 -4.09329 -3.85212 24.8886
523 -4.05073 -3.83583 24.6995
524 -4.61882 -3.42772 24.714
525 -4.26762 -3.66559 24.6325
526 -4.13217 -4.52846 24.6176
527 -3.8515 -5.3417 24.5521
528 -3.61555 -4.88601 24.5219
529 -3.32023 -4.11445 24.6081
530 -3.79704 -5.2301 24.4878
531 -3.08469 -5.94251 24.15
532 -3.08544 -5.92461 23.8608
533 -3.18704 -6.08394 23.7072
534 -3.42939 -5.68876 24.006
535 -3.82982 -5.40781 23.7919
536 -3.98369 -5.07362 24.3256
537 -4.13393 -5.20504 23.9579
538 -3.74879 -3.94714 23.1238
539 -3.83552 -4.40428 23.1483
540 -3.88947 -4.22528 23.0199
541 -3.78217 -4.01086 23.9765
542 -4.00721 -4.25948 23.4761
543 -4.34196 -3.778 23.2677
544 -4.37584 -3.58317 23.9185
545 -4.9674 -3.68077 24.1739
546 -5.32946 -3.2852 24.5127
547 -6.18718 -1.97512 24.1931
548 -5.38705 -2.44864 24.5844
549 -5.44578 -1.72372 24.4864
550 -6.56043 -3.03425 24.1252
551 -6.51004 -3.75186 24.6888
552 -6.80637 -3.44339 25.0596
553 -7.89521 -3.08046 26.2036
554 -8.96234 -1.52561 26.1071
555 -6.98593 -1.61828 28.7978
556 -6.59469 -0.569448 29.5262
557 -8.34041 -0.699117 31.8954
558 -8.14564 -0.466109 32.3497
559 -7.89777 -0.497331 34.2221
560 -8.48854 0.889337 36.4445
561 -9.4748 1.04732 38.3213
562 -9.35916 1.87231 39.747
563 -10.4524 3.40011 38.6448
564 -10.145 2.39172 38.8833
565 -9.59838 4.57098 41.9536
566 -8.504 4.36295 44.4864
567 -8.95951 2.13149 45.9593
568 -8.84856 2.0653 49.0819
569 -9.07258 1.52158 51.768
570 -7.81062 1.78466 54.126
571 -5.15006 0.182839 56.1309
572 -5.2592 3.83749 60.2561
573 -4.72091 4.30019 60.2158
574 -4.23402 1.62269 59.0926
575 -3.73925 -0.442655 58.0768
576 -3.00644 -0.729954 61.4912
577 0.855471 -9.22514 8.0522
578 0.855471 -9.22514 8.0522
579 0.855471 -9.22514 8.0522
580 0.855471 -9.22514 8.0522
581 0.855471 -9.22514 8.0522
582 0.855471 -9.22514 8.0522
583 0.855471 -9.22514 8.0522
584 0.855471 -9.22514 8.0522
585 0.855471 -9.22514 8.0522
586 0.855471 -9.22514 8.0522
587 0.855471 -9.22514 8.0522
588 0.855471 -9.22514 8.0522
589 0.855471 -9.22514 8.0522
590 0.855471 -9.22514 8.0522
591 0.855471 -9.22514 8.0522
592 0.855471 -9.22514 8.0522
593 0.855471 -9.22514 8.0522
594 0.855471 -9.22514 8.0522
595 0.855471 -9.22514 8.0522
596 0.855471 -9.22514 8.0522
597 0.855471 -9.22514 8.0522
598 0.855471 -9.22514 8.0522
599 0.855471 -9.22514 8.0522
600 0.855471 -9.22514 8.0522
601 0.855471 -9.22514 8.0522
602 0.855471 -9.22514 8.0522
603 0.855471 -9.22514 8.0522
604 0.855471 -9.22514 8.0522
605 0.855471 -9.22514 8.0522
606 0.855471 -9.22514 8.0522
607 0.855471 -9.22514 8.0522
608 0.855471 -9.22514 8.0522
609 0.855471 -9.22514 8.0522
610 0.855471 -9.22514 8.0522
611 0.855471 -9.22514 8.0522
612 0.855471 -9.22514 8.0522
613 0.855471 -9.22514 8.0522
614 0.855471 -9.22514 8.0522
615 0.855471 -9.22514 8.0522
616 0.855471 -9.22514 8.0522
617 0.855471 -9.22514 8.0522
618 0.855471 -9.22514 8.0522
619 0.855471 -9.22514 8.0522
620 0.855471 -9.22514 8.0522
621 0.855471 -9.22514 8.0522
622 0.855471 -9.22514 8.0522
623 0.855471 -9.22514 8.0522
624 0.855471 -9.22514 8.0522
625 -11.3327 -3.44349 45.1525
626 -11.3028 -7.34567 44.6254
627 -10.4934 -6.98707 42.8296
628 -8.68918 -6.09908 41.751
629 -9.52556 -4.65843 42.1589
630 -8.48703 -5.20539 41.7289
631 -8.0365 -4.18522 41.0502
632 -7.65789 -4.52867 40.2048
633 -8.01169 -4.41241 39.3107
634 -8.49622 -4.4812 38.3253
635 -8.18474 -4.13694 37.4811
636 -8.27053 -4.52739 37.8239
637 -8.5012 -3.37486 39.0095
638 -8.15186 -3.96028 38.5422
639 -8.11133 -3.11522 38.214
640 -7.82991 -2.48689 38.3112
641 -8.22281 -2.865 38.424
642 -8.13049 -3.88519 38.6206
643 -7.44627 -3.84963 38.3366
644 -7.46955 -3.23297 38.3721
645 -6.49168 -4.06217 39.3563
646 -6.90015 -3.34333 39.0712
647 -6.88276 -3.33774 39.0109
648 -6.48747 -2.71636 40.6303
649 -6.61161 -2.77583 41.7447
650 -6.38222 -2.80149 42.7067
651 -6.31716 -2.75532 41.951
652 -5.85936 -1.89351 41.4877
653 -6.01209 -1.96724 41.7856
654 -7.11659 -4.12214 42.101
655 -6.24181 -3.53673 41.6794
656 -6.16647 -3.97661 41.1834
657 -7.04777 -4.99326 40.8933
658 -6.83374 -6.8987 41.0047
659 -7.13132 -8.1047 40.2299
660 -8.32424 -7.55885 40.2613
661 -8.58838 -5.85544 40.9804
662 -8.89606 -6.1621 41.2844
663 -8.62601 -5.56254 41.1333
664 -8.26933 -4.7468 40.46
665 -7.73096 -3.24356 41.328
666 -8.4983 -3.24137 43.8547
667 -7.68886 -3.61574 41.9902
668 -7.88413 -3.51198 42.5348
669 -7.52207 -3.91422 42.3815
670 -7.85772 -4.03384 42.4641
671 -7.69789 -4.25369 41.7177
672 -7.94649 -4.38489 41.557
673 -8.11629 -4.60706 41.5705
674 -8.25686 -6.28007 41.6386
675 -8.74619 -7.76497 41.329
676 -9.15284 -8.08064 41.3616
677 -9.26221 -8.87851 41.4017
678 -8.98689 -7.361 41.5788
679 -9.11675 -6.8676 41.6892
680 -9.33156 -5.29928 41.1218
681 -9.26122 -5.49752 41.7621
682 -8.11491 -4.67035 41.1974
683 -8.68528 -3.63824 41.1914
684 -8.83475 -3.92485 41.1175
685 -8.72404 -3.89965 41.7454
686 -8.81576 -3.76443 41.5302
687 -8.54719 -4.12945 42.0839
688 -8.49929 -4.0846 41.5719
689 -8.38476 -4.05128 42.2772
690 -8.75202 -3.87347 42.5866
691 -8.95681 -3.89272 40.6627
692 -8.60436 -3.88609 41.6052
693 -8.67624 -4.17441 41.4044
694 -8.92807 -4.08668 42.1998
695 -8.51606 -4.15108 42.5224
696 -8.54573 -3.98783 42.6858
697 -7.85551 -4.20842 41.1351
698 -7.71441 -4.25464 40.5765
699 -8.00641 -4.21525 39.496
700 -7.4336 -4.59444 38.7484
701 -7.00269 -5.03054 37.8803
702 -6.72265 -5.75658 37.0281
703 -6.03353 -4.70595 36.2089
704 -5.9571 -4.95485 35.5046
705 -6.24962 -4.59343 34.3256
706 -6.9112 -4.7294 34.0481
707 -6.64769 -4.07311 35.1127
708 -6.50197 -3.84159 37.0357
709 -8.62264 -4.19717 37.9086
710 -8.51852 -4.01503 38.5924
711 -8.61402 -4.08639 38.8574
712 -8.49909 -3.96961 39.9521
713 -8.62574 -4.05529 40.8086
714 -8.84902 -4.0475 39.4634
715 -8.64591 -4.24689 40.1102
716 -8.50156 -4.04169 40.8252
717 -8.3022 -4.82192 41.3856
718 -8.34389 -4.95577 41.7214
719 -8.34304 -4.89697 41.0924
720 -8.64686 -5.59033 40.996
721 -8.42845 -5.50025 41.2377
722 -9.01322 -5.24963 41.8411
723 -8.42156 -4.75669 42.0008
724 -8.22893 -4.60242 41.7687
725 -8.52693 -4.20492 41.6685
726 -10.1146 -4.10228 41.4066
727 -10.0616 -4.68505 41.8861
728 -10.4679 -3.85504 43.6708
729 -9.80701 -2.64107 46.9974
730 -10.3512 -1.53833 52.3666
731 -10.666 -1.99817 56.2271
732 -8.89358 -1.52799 57.8171
733 -9.53308 -1.76175 59.695
734 -9.35479 -2.53231 66.3209
735 -7.54561 -1.55934 68.7288
736 -3.53735 1.28642 68.9234
737 0.855471 -9.22514 8.0522
738 0.855471 -9.22514 8.0522
739 0.855471 -9.22514 8.0522
740 0.855471 -9.22514 8.0522
741 0.855471 -9.22514 8.0522
742 0.855471 -9.22514 8.0522
743 0.855471 -9.22514 8.0522
744 0.855471 -9.22514 8.0522
745 0.855471 -9.22514 8.0522
746 0.855471 -9.22514 8.0522
747 0.855471 -9.22514 8.0522
748 0.855471 -9.22514 8.0522
749 0.855471 -9.22514 8.0522
750 0.822279 -8.49332 60.7644
751 -0.181745 -6.04641 51.138
752 -3.69604 0.382928 57.8505
753 -4.54442 1.46173 55.6142
754 -5.99889 -1.47237 54.6339
755 -6.62359 -0.412537 54.0789
756 -6.23309 0.0597716 52.6159
757 -6.72771 0.626536 47.9723
758 -8.32138 0.174276 46.28
759 -8.51172 -0.240652 46.2488
760 -8.84794 0.174888 46.3308
761 -8.98314 -0.294603 45.9032
762 -8.26923 1.69445 44.8505
763 -8.59046 -0.0276998 43.4005
764 -8.09402 0.216626 44.6286
765 -7.86719 -3.19109 42.2687
766 -6.88747 -2.70889 41.8136
767 -7.07581 -2.71701 41.9878
768 -7.69922 -2.03162 40.9887
769 -8.12469 -1.68539 42.6575
770 -8.34112 -2.45512 42.5643
771 -8.43133 -1.77835 42.5283
772 -8.11363 -1.99277 42.0708
773 -8.14166 -2.60119 41.2243
774 -7.93729 -2.13378 39.7236
775 -7.96189 -2.52572 39.7338
776 -7.1625 -2.40678 39.0581
777 -6.794 -1.89207 38.5316
778 -6.3648 -1.94324 38.4864
779 -6.50058 -1.8955 38.8342
780 -7.04206 -1.5907 39.1201
781 -6.96872 -2.2719 39.6478
782 -7.13367 -1.85651 39.7917
783 -7.30711 -1.52521 40.358
784 -7.56852 -1.95822 41.2251
785 -6.32232 -2.14852 40.6955
786 -6.11431 -2.47025 40.7014
787 -6.19055 -3.46074 41.0891
788 -5.83513 -4.90495 41.0391
789 -5.76245 -4.9268 40.8123
790 -5.99729 -4.80392 40.3371
791 -6.37974 -4.39055 40.2652
792 -6.58342 -3.58567 39.3993
793 -7.54388 -1.76545 40.3604
794 -7.36876 -1.44969 40.5082
795 -7.03898 -2.31947 40.391
796 -5.99778 -1.84088 39.4019
797 -5.10985 -1.17949 39.3167
798 -4.23264 -0.249305 39.4828
799 -4.90854 -0.977087 38.5351
800 -4.64239 -1.43245 38.8108
801 -4.354 -0.845148 37.5329
802 -3.8029 0.185521 38.243
803 -5.26194 1.48756 38.5887
804 -4.736 1.22775 37.8661
805 -4.2483 1.3423 37.6223
806 -4.86594 0.563997 37.2894
807 -3.91202 -0.137072 35.9591
808 -3.82908 -0.0484678 35.3081
809 -4.00464 -0.73205 35.2118
810 -3.40997 -1.32596 34.6255
811 -3.02326 -3.46922 31.2641
812 -1.0974 -3.5623 30.884
813 -1.09244 -3.36917 30.456
814 -0.986289 -3.86737 29.2224
815 -1.27631 -4.01744 28.4898
816 -1.59863 -4.20447 28.027
817 -2.25842 -3.60244 26.8845
818 -2.66419 -3.69649 25.6661
819 -2.48272 -3.64193 24.8285
820 -1.51215 -4.7503 23.6087
821 -1.07961 -4.90043 23.3745
822 -1.86838 -5.29334 23.2858
823 -2.79717 -5.65191 23.3002
824 -3.37279 -5.17368 23.2474
825 -2.71408 -5.99911 22.5872
826 -2.63415 -6.10568 22.1292
827 -1.98825 -5.36704 21.3752
828 -2.71552 -5.93415 21.2642
829 -1.89626 -5.70694 22.6924
830 -2.59589 -5.53974 22.7292
831 -2.8894 -4.13726 23.1907
832 -2.6464 -3.93378 23.1946
833 -2.61886 -3.57389 23.2651
834 -1.67348 -3.59863 23.3141
835 -0.285628 -3.72785 23.3106
836 -1.13814 -3.60296 23.9148
837 -1.56757 -3.58118 24.1738
838 -2.47812 -3.96615 25.74
839 -2.04839 -3.86967 27.4479
840 -2.17552 -3.87 27.8989
841 -1.84015 -4.22066 28.7255
842 -1.69441 -3.90987 29.047
843 -2.42209 -4.11346 28.3613
844 -1.73828 -4.26866 28.1222
845 -3.21937 -4.21532 28.4359
846 -2.27606 -4.43129 28.5252
847 -2.09281 -5.43461 28.6859
848 -1.2654 -4.93778 29.5793
849 -0.668935 -5.56089 28.6793
850 -1.40546 -7.56062 25.8003
851 -1.82017 -9.0052 23.2753
852 -1.63717 -10.3818 25.0483
853 -1.70309 -11.4269 23.2632
854 -1.5664 -11.9215 22.538
855 -1.61341 -11.9911 20.2732
856 -1.46392 -11.5656 20.46
857 -2.04216 -11.5803 20.1066
858 -1.75403 -11.8329 18.9698
859 -1.92149 -12.3092 18.9366
860 -1.89672 -13.4768 18.5529
861 -1.88001 -13.3631 18.6376
862 -1.53291 -13.1006 17.9909
863 -2.12613 -11.2215 17.4197
864 -3.20646 -10.6773 18.334
865 -3.28442 -8.52732 17.7471
866 -2.90895 -7.21039 17.7374
867 -4.36487 -8.49127 18.7371
868 -4.29309 -8.29796 18.9196
869 -4.47455 -8.72052 18.9117
870 -4.158 -8.02161 19.2276
871 -4.17411 -7.40638 19.7214
872 -3.89518 -6.80043 19.9079
873 -4.52305 -6.78798 20.3498
874 -4.94837 -7.11182 20.3944
875 -4.92352 -7.14021 20.375
876 -5.40728 -6.61349 20.7108
877 -5.91564 -7.89684 21.1566
878 -5.71861 -8.23948 18.6864
879 -4.89761 -7.02778 20.1194
880 -5.13315 -6.63556 21.2098
881 -5.08188 -6.27794 21.2199
882 -4.68694 -7.17665 21.8446
883 -4.60715 -7.28137 21.9133
884 -4.76303 -8.9684 21.7472
885 -4.04287 -8.74434 21.7151
886 -3.81609 -7.47565 24.0095
887 -3.90228 -6.79527 25.1249
888 -3.90002 -5.68137 25.1815
889 -3.5458 -4.92281 25.9234
890 -3.37711 -5.16082 26.4195
891 -3.79952 -5.86294 26.2449
892 -3.4237 -5.14834 26.6425
893 -3.64479 -4.50175 26.7162
894 -3.09447 -3.67962 26.8375
895 -3.16801 -2.93628 27.1385
896 -2.89895 -2.54957 27.4467
897 -2.90785 -3.11895 27.3967
898 -2.1084 -2.81434 27.4271
899 -1.36884 -2.30105 27.5317
900 -0.999992 -2.03708 27.6591
901 -1.37771 -1.46599 27.7841
902 -2.19703 -1.37776 28.8851
903 -2.28501 -0.77916 29.8088
904 -1.86923 -0.745649 29.9833
905 -1.61855 -0.314005 28.4408
906 -3.34237 0.0399086 27.9336
907 -3.55779 -0.0362524 28.9902
908 -4.17288 0.703368 29.7836
909 -3.7549 0.483917 31.2911
910 -3.96879 1.20645 33.4216
911 -4.01911 2.70717 34.4555
912 -4.89233 2.56681 36.295
913 -4.44434 3.67548 36.0107
914 -3.0999 4.8815 34.7411
915 -3.06228 4.03963 34.6278
916 -2.91301 4.09152 34.198
917 -2.87809 4.36809 34.2492
918 -2.71828 3.78678 34.2689
919 -2.7583 3.2926 34.34
920 -2.90053 2.69551 34.5775
921 -2.89289 1.54123 34.5171
922 -2.63921 1.97481 34.3153
923 -2.90594 2.10869 34.3371
924 -3.21938 2.17932 34.5217
925 -3.15236 2.32894 34.7689
926 -3.40282 2.28495 35.2613
927 -3.4904 2.39538 36.0637
928 -3.28259 2.63716 35.7993
929 -3.19059 2.27894 35.2868
930 -3.13689 2.8082 34.9057
931 -3.12796 3.60934 35.0151
932 -3.46357 3.47394 35.2994
933 -3.5328 3.5519 35.5683
934 -3.5202 2.95681 36.0341
935 -3.52077 3.25719 36.1903
936 -3.75849 3.53334 36.3726
937 -3.96855 2.84349 36.5586
938 -3.93133 1.82627 36.8283
939 -3.39942 1.36871 36.7181
940 -3.24438 1.01879 36.2382
941 -2.79411 0.817316 36.8348
942 -2.64812 0.944976 36.8794
943 -1.43364 1.11718 36.6309
944 -1.59169 0.913435 36.6586
945 -1.8078 0.624502 36.9125
946 -2.16879 0.909722 36.9171
947 -1.81761 1.28042 36.2889
948 -1.54794 1.35892 36.2899
949 -1.08194 1.84995 35.9064
950 -1.39411 1.96205 35.7855
951 -1.23849 1.79674 35.2006
952 -1.3468 2.94563 35.574
953 -1.1101 3.21319 34.7817
954 -1.47883 2.48016 34.7743
955 -0.287735 2.3292 34.6589
956 -1.69234 2.40402 34.7824
957 -0.178893 2.11804 34.7446
958 -0.682106 1.71574 34.6958
959 -0.387309 2.68525 35.4912
960 -0.564167 2.21523 36.919
961 -0.271973 1.77207 37.4708
962 -1.28855 1.00833 37.7352
963 -1.39763 0.282465 36.8005
964 -0.933101 1.4663 38.3886
965 -1.89205 1.36655 36.8332
966 -1.84475 -0.97797 36.9138
967 -1.07759 1.1748 36.9577
968 -0.359947 0.876852 38.4128
969 -0.728846 1.56789 39.5171
970 0.855471 -9.22514 8.0522
971 0.855471 -9.22514 8.0522
972 0.855471 -9.22514 8.0522
973 0.855471 -9.22514 8.0522
974 0.855471 -9.22514 8.0522
975 0.855471 -9.22514 8.0522
976 0.855471 -9.22514 8.0522
977 0.855471 -9.22514 8.0522
978 0.855471 -9.22514 8.0522
979 0.855471 -9.22514 8.0522
980 0.855471 -9.22514 8.0522
981 0.855471 -9.22514 8.0522
982 0.855471 -9.22514 8.0522
983 0.855471 -9.22514 8.0522
984 0.855471 -9.22514 8.0522
985 0.855471 -9.22514 8.0522
986 0.855471 -9.22514 8.0522
987 0.855471 -9.22514 8.0522
988 0.855471 -9.22514 8.0522
989 0.855471 -9.22514 8.0522
990 0.855471 -9.22514 8.0522
991 0.855471 -9.22514 8.0522
992 0.855471 -9.22514 8.0522
993 0.855471 -9.22514 8.0522
994 0.855471 -9.22514 8.0522
995 0.855471 -9.22514 8.0522
996 0.855471 -9.22514 8.0522
997 0.855471 -9.22514 8.0522
998 0.855471 -9.22514 8.0522
999 0.855471 -9.22514 8.0522
1000 0.855471 -9.22514 8.0522
1001 0.855471 -9.22514 8.0522
1002 -0.440565 -3.57895 35.5599
1003 0.855471 -9.22514 8.0522
1004 -1.55562 -3.07469 38.4174
1005 0.855471 -9.22514 8.0522
1006 0.855471 -9.22514 8.0522
1007 0.855471 -9.22514 8.0522
1008 1.7781 -2.03979 28.5616
1009 2.04062 -3.09063 28.0312
1010 2.55136 -3.81222 27.7691
1011 2.25226 -3.46694 27.2038
1012 2.0314 -4.54409 26.1038
1013 1.58269 -5.9277 22.7091
1014 1.42832 -5.61927 22.3709
1015 0.906523 -5.81039 18.1732
1016 1.12744 -5.89932 18.4221
1017 1.68081 -4.82022 14.0764
1018 1.29883 -4.64281 15.0936
1019 2.00329 -4.448 14.498
1020 1.66174 -3.88578 14.4011
1021 2.83193 -3.87306 14.2268
1022 2.62114 -3.99501 14.247
1023 2.99658 -4.17199 14.7256
1024 3.28189 -3.38196 13.9283
1025 3.11501 -3.17721 13.6469
1026 2.9008 -3.42508 13.7914
1027 2.77228 -3.04141 12.797
1028 2.29907 -3.287 12.8566
1029 2.13857 -2.77946 13.2474
1030 2.37229 -3.1574 11.6035
1031 1.76779 -3.24457 11.4329
1032 2.23281 -2.95422 12.6955
1033 2.09247 -2.9444 11.9617
1034 1.77818 -2.44191 12.7825
1035 2.01712 -2.78136 12.9729
1036 1.91791 -2.5304 11.0321
1037 1.57483 -2.4283 12.0428
1038 0.933772 -2.55173 13.026
1039 1.02536 -2.39051 13.1393
1040 0.91702 -2.4888 13.4797
1041 0.696692 -2.57742 13.1197
1042 0.432346 -2.51729 11.7463
1043 0.241736 -2.0081 10.6458
1044 0.120858 -1.61279 11.4588
1045 -0.443835 -1.77601 12.5953
1046 -0.838623 -1.90087 12.181
1047 -0.929791 -1.33809 13.2456
1048 -1.77906 -1.27846 13.6639
1049 -2.38321 0.989285 14.9511
1050 -2.49353 0.896737 15.0297
1051 -1.87894 1.56608 15.5869
1052 -1.62046 1.12527 15.1018
1053 -2.1884 1.85419 13.9619
1054 -4.36304 0.929932 16.1406
1055 -5.2012 0.748964 21.8692
1056 -5.6504 2.56783 24.5606
1057 -6.5784 2.4328 25.3146
1058 -6.31167 2.9475 25.9044
1059 -5.77618 2.70406 26.4166
1060 -5.9644 2.70622 28.3851
1061 -5.2875 1.53793 27.1118
1062 -5.76186 -0.425053 21.965
1063 -6.17398 -0.427134 22.1007
1064 -5.84452 -1.52143 24.3662
1065 -5.82251 -0.857167 28.92
1066 -4.79519 -2.00781 24.3375
1067 -4.68967 -0.75224 24.1839
1068 -3.99646 0.0693387 21.8067
1069 -3.1476 1.15947 24.3544
1070 -3.83831 0.794122 24.9366
1071 -4.41151 0.46404 25.7212
1072 -4.73652 0.816364 24.6238
1073 -5.26992 1.53512 25.7331
1074 -4.93937 1.5506 27.2997
1075 -5.4287 1.19504 28.3034
1076 -5.89562 -0.561552 21.7234
1077 -4.80546 -1.40908 23.5956
1078 -4.32853 -1.25956 25.4953
1079 -2.23749 -2.55184 22.8049
1080 -3.58224 -3.15346 21.28
1081 -3.02034 -1.34791 17.0644
1082 -3.88874 -2.1269 16.2344
1083 -4.36643 0.388226 16.8517
1084 -4.44291 1.73415 18.8255
1085 -5.60896 1.64768 23.4292
1086 -6.00763 1.47772 28.0066
1087 -4.61097 1.46768 31.0055
1088 -4.39881 -1.4537 23.9551
1089 -6.06743 -0.865057 21.3385
1090 -6.74219 -2.04661 30.0967
1091 -7.15732 -3.6434 31.0729
1092 -6.71585 -3.1228 32.3461
1093 -7.24448 -4.45434 34.2454
1094 -7.15686 -3.77266 32.9119
1095 -6.98057 -5.05774 32.4288
1096 -5.32028 -4.93643 29.1668
1097 -4.87065 -4.22137 29.0096
1098 -5.41451 -3.7218 29.8482
1099 -2.99958 -3.96964 30.5005
1100 -2.85098 -4.18408 23.7672
1101 -3.82516 -1.68911 19.1538
1102 -4.00112 -1.18934 18.6839
1103 -3.79555 -0.221079 21.0345
1104 -3.47676 0.450013 18.3682
1105 -1.66871 0.0185176 17.7818
1106 0.104003 -1.0804 17.2973
1107 -1.58454 -1.09445 16.4614
1108 -2.99906 -1.70781 15.3117
1109 -5.3429 -2.5763 13.8156
1110 -5.59067 -5.07675 14.2975
1111 -5.35241 -5.57849 15.6765
1112 -5.19742 -5.60959 17.7065
1113 -8.20324 -6.05182 19.9131
1114 -8.28335 -5.6291 21.842
1115 -7.40706 -5.10263 20.9111
1116 -7.25687 -4.38319 23.1989
1117 -6.02387 -4.11522 23.7667
1118 -4.81753 -4.50469 24.0321
1119 -5.66937 -3.11568 23.7236
1120 -6.72632 -3.02997 20.5396
1121 -6.58833 -2.53054 21.6242
1122 -6.35344 -2.59346 21.3826
1123 -5.7798 -1.40753 22.0299
1124 -5.92708 -0.0893295 21.1297
1125 -6.2492 -0.782817 19.6061
1126 -5.8721 -1.14524 18.1591
1127 -5.8066 -1.2729 17.883
1128 -5.84497 -2.34894 18.3099
1129 -6.74258 -1.68715 21.2546
1130 -6.81218 -1.01737 23.5694
1131 -9.28412 0.57762 22.6618
1132 -8.43228 0.686696 31.2559
1133 -7.14591 0.707248 39.9897
1134 -8.15817 3.02297 50.7031
1135 -4.98476 5.04315 59.7527
1136 -5.34438 5.6288 64.4694
1137 -7.59393 8.91085 59.5604
1138 -7.7492 7.89777 59.4454
1139 0.855471 -9.22514 8.0522
1140 0.855471 -9.22514 8.0522
1141 0.855471 -9.22514 8.0522
1142 0.855471 -9.22514 8.0522
1143 0.855471 -9.22514 8.0522
1144 -7.56154 -6.19825 61.7414
1145 -9.60294 -6.19287 56.4934
1146 -11.4641 -5.51778 51.5367
1147 -7.81773 -4.01705 49.1733
1148 -4.50227 -0.408382 48.4394
1149 -6.90734 0.949604 57.6081
1150 -5.0137 -0.702067 29.7614
1151 -6.90521 -1.60028 29.1881
1152 -7.63454 0.965095 26.4519
1153 -8.15548 1.60655 26.8539
1154 -9.25518 2.28652 29.817
1155 -8.84709 3.86259 29.6056
1156 -6.90029 1.17992 25.4681
1157 -4.28202 1.06234 33.7223
1158 -3.40803 1.16842 34.2065
1159 -4.16905 -0.216906 32.9284
1160 -6.02203 -0.243274 21.7583
1161 -5.96185 -1.5219 15.9123
1162 -4.6712 -3.20768 16.8593
1163 -2.07523 -2.34919 0.604349
1164 1.07008 -3.55895 -2.04083
1165 0.78656 -3.61132 -3.83869
1166 0.665914 -2.16104 -6.387
1167 0.725381 -1.92146 -8.09356
1168 1.4061 -1.1286 -7.40058
1169 1.31314 -1.63016 -7.84957
1170 1.74464 -1.35728 -8.0203
1171 1.8683 -1.00328 -10.4721
1172 1.50513 -1.03898 -10.3803
1173 1.86378 -0.427534 -15.1167
1174 2.92649 -0.236662 -20.5538
1175 2.63843 1.17671 -27.9833
1176 2.15161 2.95307 -39.6992
1177 3.51503 2.32017 -40.6203
1178 4.15426 1.35566 -38.9717
1179 3.117 1.06822 -37.878
1180 3.49731 0.00633638 -30.206
1181 3.29309 -0.494698 -25.4851
1182 1.22707 -3.35763 -18.652
1183 -0.347119 -2.97471 -8.78573
1184 -2.76046 -1.0751 -8.93099
1185 -1.89957 -1.65796 -6.76774
1186 -1.37712 -1.10761 -4.76157
1187 -1.75905 -2.92009 -3.78755
1188 -1.49065 -4.00855 -3.20632
1189 -2.26711 -5.79058 -1.67816
1190 -2.46783 -6.13507 -1.80361
1191 -3.56847 -5.80908 -0.387178
1192 -2.78274 -5.8223 -0.739399
1193 -3.20898 -5.57212 3.7095
1194 -3.16561 -5.30992 5.83244
1195 -3.35806 -6.72274 6.18359
1196 -2.52777 -6.49496 7.87201
1197 -2.60218 -7.76881 12.2004
1198 -2.39771 -7.18096 12.9965
1199 -2.83887 -6.63742 14.498
1200 -1.69481 -7.29083 16.445
1201 -1.80534 -6.82793 17.7229
1202 -2.74837 -6.3108 19.8189
1203 -3.3088 -7.04553 21.9865
1204 -3.86739 -7.50033 22.2293
1205 -3.35147 -7.47505 22.2809
1206 -3.6892 -6.84403 22.3747
1207 -4.3108 -6.27692 22.027
1208 -4.19991 -6.06569 22.0016
1209 -3.4781 -5.97741 21.7797
1210 -1.75265 -7.70867 16.8363
1211 -1.23982 -5.94982 10.1187
1212 -0.848654 -6.84453 -2.00823
1213 -0.265023 -5.60074 -11.4777
1214 -1.7044 -4.94083 -23.3181
1215 0.991803 -1.31236 -37.2403
1216 0.855471 -9.22514 8.0522
1217 2.99613 1.87485 -45.5551
1218 4.24011 2.47108 -47.8195
1219 4.09934 4.08335 -45.9083
1220 5.48413 5.44401 -47.5745
1221 6.1717 5.70326 -49.2855
1222 5.5884 5.28846 -49.3806
1223 5.22748 4.67151 -49.0962
1224 5.91382 4.59304 -49.8494
1225 6.34439 3.66295 -49.3298
1226 6.14901 3.5325 -49.0273
1227 6.75771 4.51156 -49.41
1228 6.6969 5.60917 -46.9339
1229 6.65788 5.0005 -44.3148
1230 5.98527 4.77969 -43.0281
1231 7.57516 4.42186 -41.9676
1232 6.63041 4.09406 -40.3738
1233 5.72566 3.59109 -38.3189
1234 4.4255 3.2358 -36.8915
1235 4.27682 3.66923 -37.0732
1236 5.08696 2.53849 -36.8912
1237 4.88536 3.34633 -36.6177
1238 6.23731 3.29815 -36.4112
1239 5.00252 3.45837 -34.7341
1240 6.06551 2.83808 -31.3908
1241 5.67918 -2.84094 -19.6577
1242 -1.13915 -4.92083 -1.80504
1243 -2.95302 -2.97408 10.9321
1244 -5.92781 -1.8406 13.0629
1245 -6.20624 0.0669016 26.3648
1246 0.855471 -9.22514 8.0522
1247 0.855471 -9.22514 8.0522
1248 0.855471 -9.22514 8.0522
1249 0.855471 -9.22514 8.0522
1250 -5.46382 -4.72089 9.27435
1251 0.855471 -9.22514 8.0522
1252 0.855471 -9.22514 8.0522
1253 0.855471 -9.22514 8.0522
1254 0.855471 -9.22514 8.0522
1255 -5.432 -2.11813 -20.503
1256 -5.09036 -4.42659 -23.8403
1257 0.80027 -5.44111 -34.4506
1258 1.30517 -5.16971 -38.418
1259 1.1418 -4.55864 -38.1781
1260 2.33087 -3.19756 -38.3202
1261 1.80545 -0.539421 -38.5606
1262 1.64388 -1.29215 -38.7503
1263 1.53762 -0.984212 -38.9334
1264 1.30506 -1.89254 -38.3116
1265 2.23968 -2.06696 -38.6552
1266 2.1329 -1.54924 -38.0601
1267 2.78058 -1.27332 -38.7042
1268 2.89784 -0.714308 -39.0129
1269 3.96569 -0.142613 -38.8621
1270 4.00358 0.753439 -38.5334
1271 4.02662 0.358344 -38.4317
1272 4.69497 0.583384 -39.5523
1273 4.28879 -0.0644806 -41.25
1274 3.89911 1.19527 -41.4739
1275 3.64634 2.59489 -43.2046
1276 3.83796 2.75933 -42.7498
1277 3.86599 2.26239 -44.203
1278 3.21734 -0.852074 -44.3376
1279 3.44499 -0.595778 -44.2592
1280 2.79782 -3.21675 -45.1407
1281 2.58367 -3.50233 -44.8519
1282 2.37515 -4.38458 -45.0242
1283 2.42849 -4.37522 -46.7436
1284 1.74159 -3.84446 -45.9356
1285 1.87658 -3.69507 -46.6644
1286 1.52345 -4.22485 -46.5076
1287 1.34507 -4.75108 -45.4396
1288 1.38643 -5.06388 -45.6637
1289 2.47043 -4.34792 -44.7054
1290 1.94477 -4.45953 -45.349
1291 1.87713 -3.89006 -45.3004
1292 1.97243 -4.5139 -42.4043
1293 1.45953 -3.53473 -37.0146
1294 -2.70572 -5.59083 -33.4056
1295 -3.94857 -5.7609 -18.4736
1296 -1.18944 -4.00436 -14.3189
1297 -3.56207 -4.99153 -8.6956
1298 -5.2615 -3.44875 -7.64012
1299 -6.1521 -1.6354 -5.39519
1300 -5.70146 -1.84554 -1.91853
1301 -5.43566 -2.35765 -0.603873
1302 -4.7662 -4.10731 -0.817879
1303 -5.17686 -4.90699 -0.630046
1304 -5.23713 -5.03713 -0.514043
1305 -3.95385 -5.07264 -0.974731
1306 -4.30022 -4.51336 1.39926
1307 -4.10891 -4.4867 3.2051
1308 -4.02673 -4.83637 4.88786
1309 -3.91925 -4.8697 5.62027
1310 -4.95215 -5.45718 6.57411
1311 -4.02921 -4.7113 6.64215
1312 -3.34902 -5.28877 5.86946
1313 -3.79259 -5.62985 5.6837
1314 -2.86121 -5.25738 5.9805
1315 -3.1147 -5.89751 4.44604
1316 -1.8597 -5.84772 1.38958
1317 -2.11367 -5.09671 -6.04738
1318 1.95196 -4.40544 -8.91839
1319 3.62798 0.387475 -16.4057
1320 2.60377 0.311019 -28.0984
1321 3.84388 2.93168 -34.7711
1322 5.97412 2.26069 -39.0656
1323 8.11659 5.87839 -42.0639
1324 7.16624 5.42179 -44.1747
1325 7.07878 5.44556 -43.3613
1326 7.80666 6.49919 -42.4846
1327 6.66856 6.82916 -42.6777
1328 4.70795 5.8521 -42.5784
1329 4.40383 5.88808 -44.0399
1330 4.44238 5.36298 -43.7397
1331 3.11356 4.94689 -43.0067
1332 4.83168 5.58923 -44.303
1333 4.42154 4.84994 -45.6972
1334 5.10992 4.94671 -44.5206
1335 5.04323 6.34268 -44.5919
1336 5.08836 6.169 -43.7185
1337 4.26427 5.01478 -43.2223
1338 4.10079 4.82182 -43.2578
1339 4.71994 5.09485 -43.4984
1340 3.52179 1.45821 -43.3365
1341 2.62346 0.891195 -43.6837
1342 2.01485 0.482175 -43.8782
1343 3.05528 -0.20459 -43.6498
1344 3.27617 -0.655491 -44.3989
1345 3.3882 -0.108447 -44.1248
1346 4.76433 -1.09513 -45.1688
1347 5.75622 -0.81177 -46.1671
1348 3.48216 -0.691012 -46.2218
1349 3.72277 -0.604884 -46.6423
1350 3.45494 -0.12179 -45.7111
1351 3.85682 -0.273759 -45.4561
1352 3.96286 0.0168117 -44.3452
1353 5.12596 0.821714 -44.0219
1354 3.31628 0.969674 -40.4132
1355 0.729988 -1.53321 -33.8164
1356 -1.08586 -4.96523 -28.974
1357 -6.95075 -7.20397 1.91274
1358 -0.384122 -3.72142 -9.50323
1359 -1.14672 -4.05746 -6.17201
1360 -4.89363 -3.47226 4.07525
1361 -5.2299 -3.62075 7.15584
1362 -5.81614 -1.27488 12.8224
1363 -4.96754 -1.6602 16.5811
1364 -1.11458 -1.55567 19.297
1365 -0.910229 0.48958 22.0542
1366 -0.101984 0.00913929 23.1042
1367 -0.60423 0.316176 22.5472
1368 -0.171384 1.319 24.4278
1369 0.333074 3.26683 25.7908
1370 0.356785 0.326877 27.8738
1371 0.795472 0.236337 28.4354
1372 1.3547 0.167433 28.4413
1373 2.12757 -0.187405 28.4796
1374 2.12718 0.088387 28.1915
1375 2.07082 0.934911 28.3497
1376 2.19674 0.548923 29.1211
1377 1.61607 2.20994 29.3848
1378 0.317692 2.82858 31.2042
1379 -0.228102 1.30328 33.2193
1380 -0.690525 0.520641 32.9848
1381 -0.705182 2.49394 33.7323
